45
21
17
21
14
145
17
21
14
207
172
21
14
21
17
114
14
83
17
21
14
21
203
176
14
21
110
21
45
21
17
21
127
10
7
10
3
10
69
10
3
10
7
134
3
72
7
196
158
10
7
10
3
10
100
10
3
41
7
10
3
10
193
165
4
11
38
11
4
73
7
11
97
11
7
11
4
11
7
135
4
11
7
104
190
166
7
11
4
11
38
11
128
11
7
11
75
20
17
20
13
113
17
20
13
20
17
51
13
20
141
20
13
20
17
82
199
175
17
20
137
20
17
20
13
20
110
20
7
200
165
14
7
14
10
76
7
45
10
14
131
14
10
14
7
14
72
14
100
14
10
14
7
45
10
14
7
14
196
169
18
25
22
87
18
118
22
25
49
25
22
25
18
211
177
25
18
25
146
25
18
25
208
180
18
118
22
25
49
25
22
25
5
136
8
12
5
12
8
74
5
198
163
12
67
12
8
12
129
12
8
12
5
12
39
12
5
105
8
12
5
12
194
167
2
9
37
9
2
133
6
9
64
9
6
9
2
9
6
102
2
71
6
195
157
9
6
9
2
9
99
9
2
9
6
133
16
23
19
54
16
147
19
209
171
23
19
23
16
23
112
23
16
23
81
23
16
23
19
54
16
147
19
23
47
23
19
23
15
22
205
177
15
22
112
22
77
22
19
22
15
115
19
22
15
208
174
22
15
22
19
146
15
53
19
22
77
22
19
22
17
24
20
148
17
86
20
24
110
24
20
24
17
210
175
24
17
55
20
24
141
24
20
24
17
24
113
24
17
24
20
86
6
44
10
13
6
199
165
13
130
13
10
13
6
13
196
168
6
44
10
13
99
13
10
13
6
13
72
13
6
13
196
168
3
10
130
10
96
10
6
10
3
10
6
72
3
41
6
10
3
10
68
10
34
10
6
10
189
165
6
10
3
10
6
134
7
107
11
200
162
14
11
14
7
14
73
14
7
14
11
138
7
14
11
45
7
107
11
14
38
14
11
14
7
14
104
14
4
197
162
11
4
11
7
73
4
135
7
197
159
11
7
11
35
11
7
11
4
11
7
73
4
104
7
11
4
11
131
11
17
24
52
24
17
117
21
210
172
24
21
24
17
24
21
86
17
24
145
24
203
179
21
24
48
24
21
24
17
24
21
117
5
12
70
12
5
12
8
136
5
43
8
12
129
12
8
12
5
12
8
74
5
12
101
198
160
12
8
12
5
74
8
12
130
13
10
13
192
168
10
13
6
13
41
13
6
13
10
106
6
199
165
13
37
13
10
13
6
13
10
137
6
75
10
13
108
22
18
22
15
22
142
22
15
22
18
53
201
177
18
22
15
84
18
22
15
22
111
22
46
22
18
22
15
22
18
84
14
21
142
21
14
114
18
207
169
21
18
21
14
21
18
83
14
21
49
21
14
114
18
21
138
21
18
21
14
21
204
176
2
9
36
195
157
9
5
9
2
71
5
9
2
9
5
133
2
9
98
9
126
9
5
9
2
40
5
9
2
9
5
102
18
211
177
25
80
25
22
25
18
118
22
25
18
25
208
180
18
25
22
149
18
25
84
25
49
25
22
25
18
87
22
25
13
20
16
144
199
175
16
20
44
20
16
20
13
20
109
20
44
20
16
20
13
20
78
20
13
20
202
175
13
144
16
20
16
23
20
116
16
23
82
23
16
147
20
23
109
23
20
23
16
23
206
178
16
23
51
23
78
23
20
23
16
54
20
23
99
13
9
13
6
13
9
137
192
168
9
13
6
13
71
13
6
13
9
106
6
199
164
13
6
44
9
13
130
13
9
13
5
12
9
74
5
198
164
12
36
12
9
12
5
136
9
12
98
12
9
12
5
12
71
12
5
105
9
12
5
12
9
43
4
135
7
197
159
11
7
11
4
11
38
11
4
11
7
104
190
166
7
11
128
11
7
11
4
11
69
11
4
11
7
135
13
20
17
113
13
20
48
206
168
20
17
20
13
82
17
20
13
20
203
175
13
144
17
20
13
20
79
20
44
20
17
20
17
117
20
24
141
24
20
24
17
24
20
86
17
24
51
24
17
24
113
24
203
179
20
24
141
24
20
24
17
24
20
55
7
200
166
14
100
14
11
14
7
76
11
14
7
14
197
169
7
107
11
14
7
14
11
76
7
14
42
14
131
14
11
14
45
21
17
21
14
21
17
145
14
21
110
21
200
176
17
21
14
21
79
21
45
21
17
21
200
176
17
21
14
21
17
83
3
103
7
10
127
10
7
10
3
10
69
10
3
10
7
41
3
196
162
10
3
134
7
10
96
10
7
10
3
10
7
72
18
118
21
25
49
25
21
25
18
211
176
25
18
25
21
149
18
56
21
25
80
25
21
25
18
25
114
25
18
25
207
180
16
23
20
147
16
209
175
23
16
147
20
23
47
23
20
23
78
23
20
23
16
116
20
23
16
23
20
54
16
23
113
23
15
22
18
146
201
177
18
22
15
22
80
208
170
22
18
22
15
22
18
146
15
84
18
22
46
22
18
22
15
22
111
22
2
9
130
9
33
9
6
9
2
102
6
9
2
9
6
71
2
195
161
9
33
9
6
9
2
71
6
9
2
9
6
133
199
175
16
20
13
20
16
113
13
20
47
20
106
20
16
20
13
20
78
20
137
20
16
20
199
175
16
20
13
20
16
113
200
176
18
21
138
21
18
21
14
21
80
21
14
21
18
52
14
207
173
21
14
114
18
21
76
21
18
21
14
21
18
52
17
148
20
24
48
24
20
24
17
24
20
86
17
210
175
24
17
24
20
148
17
24
113
24
79
24
20
24
17
148
20
24
2
9
37
9
95
9
6
9
2
9
192
164
2
133
6
9
2
9
6
102
2
71
6
195
157
9
6
9
2
9
37
9
66
11
7
11
4
11
131
11
4
11
193
166
4
104
7
11
35
11
7
11
4
11
131
11
4
11
7
104
4
42
7
11
67
12
9
12
191
167
9
12
5
12
133
12
5
12
195
167
5
12
9
105
5
74
9
12
5
12
40
12
98
12
9
12
139
22
18
22
15
22
49
22
201
177
18
22
15
22
18
84
15
53
18
208
170
22
18
22
15
22
111
22
15
22
18
146
6
13
10
75
6
13
103
13
192
168
10
13
130
13
10
13
6
13
72
13
37
13
10
13
6
75
10
13
6
13
196
168
7
138
10
14
38
14
10
14
7
14
103
14
7
14
10
76
7
14
103
200
162
14
10
14
7
138
10
14
7
14
10
45
18
25
22
118
18
25
84
25
49
25
22
25
18
149
22
25
204
180
22
25
18
25
22
118
18
25
53
25
142
25
22
25
65
10
6
10
3
10
192
165
3
134
6
10
3
10
99
10
3
10
6
72
3
10
37
196
158
10
6
10
3
72
6
10
16
54
20
23
16
23
20
116
16
23
144
209
171
23
20
23
140
23
20
23
16
23
20
85
16
23
113
23
202
178
20
23
3
41
6
10
96
10
6
10
3
10
130
10
3
10
6
41
3
196
161
10
65
10
6
10
3
103
6
10
3
10
6
72
2
195
161
9
2
9
6
133
2
40
6
9
95
9
6
9
2
195
161
9
33
9
6
9
2
71
6
9
2
9
6
133
16
54
19
23
16
23
143
23
78
23
19
23
16
23
205
178
16
23
19
116
16
54
19
23
78
23
19
23
16
23
112
23
13
20
17
144
199
175
17
20
106
20
17
20
13
20
48
206
168
20
17
20
13
20
141
20
13
82
17
20
13
20
17
51
7
14
72
14
100
14
10
14
7
14
196
169
7
138
10
14
7
14
41
200
162
14
10
14
7
14
10
76
7
138
10
14
111
25
22
25
18
25
22
149
18
118
22
25
18
25
84
25
18
25
208
180
18
56
22
25
18
25
115
25
49
25
22
25
130
13
9
13
6
13
195
168
6
13
71
13
6
137
9
199
161
13
9
13
6
106
9
13
6
13
9
75
6
13
40
13
4
11
101
11
66
11
8
11
4
11
8
42
4
135
8
11
4
197
163
11
4
11
8
104
4
42
8
11
66
11
8
11
139
22
18
22
15
208
173
22
15
22
18
53
15
84
18
22
15
22
204
177
15
22
111
22
15
146
18
22
46
22
18
208
160
12
9
12
5
12
9
74
5
136
9
12
5
12
102
12
5
12
9
136
191
167
9
12
36
12
9
12
5
12
71
12
107
21
17
21
14
21
17
145
14
114
17
21
14
21
79
21
200
176
17
21
45
21
17
21
14
21
17
83
14
21
110
21
17
210
176
24
17
55
21
24
141
24
21
24
17
24
207
179
17
24
52
24
110
24
21
24
17
24
21
148
17
86
21
24
140
23
19
23
16
54
19
23
16
209
174
23
16
23
19
116
16
23
81
23
16
23
19
147
202
178
19
23
47
23
19
23
18
25
84
25
18
25
22
118
18
56
22
25
111
25
22
25
142
25
22
25
204
180
22
25
18
25
84
25
18
25
208
180
13
20
16
51
13
113
16
20
137
20
16
20
13
20
78
20
13
206
171
20
13
82
16
20
137
20
16
20
13
20
16
51
15
22
19
115
15
53
19
22
15
22
143
208
170
22
19
22
15
22
112
22
77
22
19
22
201
177
19
22
15
22
19
115
14
21
48
21
138
21
17
21
14
83
17
21
14
21
17
52
14
21
17
114
14
83
17
207
169
21
17
21
14
21
141
21
34
10
7
10
3
10
7
103
3
72
7
10
3
10
131
196
158
10
7
10
3
10
131
10
3
72
7
10
3
10
7
103
188
164
5
9
2
9
36
9
126
9
5
9
2
9
5
40
2
9
67
195
157
9
5
9
2
102
5
9
2
9
5
133
5
12
9
105
5
74
9
12
36
12
9
12
5
198
164
12
67
12
9
12
5
12
40
12
5
12
9
136
191
167
9
12
99
13
9
13
6
13
195
168
6
106
9
13
6
13
40
13
6
13
9
75
6
13
133
13
6
106
9
13
130
13
9
199
162
14
11
14
7
76
11
14
7
14
11
45
7
200
166
14
7
14
11
45
7
76
11
14
7
14
104
14
131
14
11
14
17
86
20
24
17
24
20
55
17
24
144
210
172
24
20
24
110
24
20
24
17
24
20
55
17
210
175
24
17
86
20
24
4
104
8
11
4
11
8
135
4
11
70
11
97
11
8
11
4
11
8
135
4
11
39
197
159
11
8
11
4
42
8
11
64
9
5
9
2
9
129
9
2
9
191
164
2
102
5
9
2
9
191
164
2
102
5
9
2
9
129
9
33
9
5
9
7
14
11
76
7
138
11
14
38
14
11
14
7
200
166
14
7
14
11
107
7
14
73
14
7
107
11
14
131
14
11
14
13
20
16
51
13
206
171
20
75
20
16
20
13
51
16
20
13
113
16
20
13
20
16
82
13
20
140
206
168
20
16
20
48
24
21
24
17
24
83
24
17
24
207
179
17
148
21
24
17
117
21
210
172
24
21
24
17
24
21
55
17
24
114
24
16
23
19
147
16
23
81
23
109
23
19
23
16
147
19
209
171
23
19
23
16
23
19
85
16
54
19
23
16
23
81
23
14
21
111
21
14
21
18
145
200
176
18
21
45
21
18
21
14
21
18
114
14
21
80
207
169
21
18
21
14
52
18
21
4
135
7
197
159
11
7
11
4
11
7
73
4
11
38
11
97
11
7
11
4
11
131
11
4
11
7
42
190
166
7
11
127
10
7
10
3
10
100
10
3
72
7
10
3
10
193
165
3
10
69
10
34
10
7
10
3
10
7
134
3
103
7
196
160
12
8
12
5
12
101
12
5
136
8
12
5
12
8
43
5
12
70
12
98
12
8
12
5
12
8
136
5
74
8
12
37
13
10
13
6
13
196
168
6
75
10
13
6
13
134
13
99
13
10
13
6
199
165
13
6
44
10
13
6
13
10
75
18
25
21
149
18
25
114
25
49
25
21
25
204
180
21
25
18
25
21
118
18
87
21
25
18
25
52
211
173
25
21
25
139
22
19
22
15
22
19
53
15
22
81
22
201
177
19
22
15
22
19
115
15
146
19
22
46
22
19
22
15
208
174
22
131
14
10
14
7
14
72
14
7
107
10
14
7
14
10
76
193
169
10
14
131
14
10
14
7
14
10
45
7
14
103
14
79
24
21
24
17
55
21
24
17
24
114
24
17
24
207
179
17
24
145
24
110
24
21
24
17
86
21
24
17
24
21
148
192
168
9
13
6
13
40
13
68
13
9
13
6
13
195
168
6
44
9
13
6
13
133
13
99
13
9
13
6
13
9
137
189
165
7
10
34
10
7
10
3
10
69
10
3
10
7
103
3
134
7
10
3
10
69
196
158
10
7
10
3
10
7
103
4
11
7
42
4
11
69
197
159
11
7
11
4
104
7
11
35
11
7
11
4
11
131
11
4
104
7
11
4
11
7
135
13
20
203
175
13
20
79
20
13
51
17
206
168
20
17
20
13
20
110
20
13
20
17
51
13
82
17
20
137
20
17
20
76
21
17
21
14
145
17
21
14
21
110
21
14
21
17
52
200
176
17
21
138
21
17
21
14
21
110
21
14
21
203
176
2
9
37
9
64
9
6
9
2
9
6
133
188
164
6
9
2
102
6
9
33
9
6
9
2
9
6
71
2
9
37
9
15
115
18
22
77
22
18
22
15
208
173
22
15
22
18
146
15
22
18
84
15
53
18
22
108
22
18
22
15
208
173
22
18
25
146
25
18
87
22
25
111
25
22
25
18
25
208
180
18
149
22
25
49
25
22
25
18
25
84
25
18
25
22
118
5
198
163
12
5
12
8
136
5
43
8
12
67
12
8
12
5
12
101
12
5
136
8
12
36
12
8
12
5
12
194
167
16
23
20
116
202
178
20
23
140
23
20
23
16
23
82
23
16
23
51
23
16
23
20
23
16
23
20
23
16
23
20
23
