1
8
4
8
1
8
4
8
1
8
4
8
1
8
4
8
1
8
4
8
1
8
4
8
102
14
11
14
7
14
30
14
7
14
11
71
140
128
11
14
7
14
11
52
7
14
87
14
139
127
9
13
63
13
9
13
6
13
28
13
101
13
9
13
6
89
9
13
6
13
9
51
4
11
84
11
42
11
8
11
137
125
8
11
4
11
8
106
4
11
27
11
61
11
8
11
10
17
146
131
10
74
13
17
29
17
13
17
10
17
108
17
10
55
13
17
10
17
13
93
9
35
13
16
66
16
13
16
9
16
108
16
9
16
13
54
142
130
13
16
9
16
13
92
12
19
72
19
31
19
15
19
12
57
15
152
126
19
15
19
12
19
15
95
12
19
110
19
5
12
28
12
5
12
9
107
5
50
9
12
62
12
9
12
5
12
9
88
5
145
123
12
1
84
4
8
20
8
4
8
1
65
4
8
1
141
118
8
96
8
4
8
1
8
4
46
8
15
12
91
8
148
126
15
8
34
12
15
46
15
12
15
8
15
12
110
8
72
12
15
79
10
6
10
3
10
44
10
60
10
6
10
136
124
6
10
3
10
25
10
3
10
6
105
2
28
6
9
97
9
6
9
2
9
6
66
2
9
44
9
2
9
82
9
2
9
139
123
11
75
14
18
30
18
14
18
11
56
14
18
106
18
14
18
11
18
90
18
11
18
147
132
8
15
12
110
8
15
88
15
8
34
12
15
46
15
12
148
122
15
12
15
8
15
12
72
10
93
13
17
10
150
127
17
10
17
70
17
10
17
13
55
10
112
13
17
29
17
13
17
5
12
142
126
5
50
9
12
100
12
9
12
5
12
66
12
81
12
9
12
5
12
28
12
6
89
9
13
6
13
9
70
6
13
9
32
6
51
9
13
6
146
123
13
101
13
9
13
47
16
13
16
9
16
89
16
9
16
146
130
9
73
13
16
9
16
13
111
9
16
32
16
4
49
7
11
99
11
7
11
4
11
26
11
137
125
7
11
61
11
7
11
4
11
7
87
1
141
119
8
77
8
5
8
1
8
5
103
1
27
5
8
58
8
5
8
1
8
5
46
12
38
15
19
12
19
53
19
12
19
110
152
126
19
15
19
12
95
15
19
12
19
15
76
3
10
7
48
3
10
26
10
3
86
7
143
117
10
7
10
60
10
7
10
3
10
7
105
135
123
5
9
2
9
81
9
2
66
5
9
2
9
24
9
97
9
5
9
2
9
5
47
7
33
11
14
64
14
11
14
7
14
144
128
7
14
106
14
83
14
11
14
7
14
11
52
11
75
14
18
11
18
33
18
87
18
14
18
11
113
14
18
11
18
52
18
11
18
147
132
5
12
28
12
5
50
9
145
119
12
9
12
5
12
9
88
5
12
9
107
5
12
66
12
3
29
6
10
60
10
6
10
3
10
139
124
3
86
6
10
41
10
6
10
3
10
101
10
6
13
10
70
6
51
10
13
82
13
10
13
6
13
29
13
6
108
10
146
120
13
10
13
8
15
11
53
8
15
68
15
8
15
87
15
103
15
11
15
141
129
11
15
8
15
11
34
12
19
54
19
12
19
149
133
12
38
16
19
88
19
16
19
107
19
16
19
12
76
16
19
2
142
119
9
2
9
5
104
2
9
5
85
2
9
24
9
2
47
5
9
59
9
5
9
1
8
81
8
58
8
5
8
1
8
5
27
134
122
5
8
39
8
5
8
1
8
5
103
7
14
86
14
7
52
10
14
7
14
143
128
7
33
10
14
64
14
10
14
7
14
105
14
61
11
8
11
4
11
8
87
4
106
8
11
4
11
27
11
4
144
122
11
42
11
8
11
11
113
14
18
11
18
14
56
11
18
71
18
11
18
14
94
144
132
14
18
30
18
14
18
48
17
14
17
10
17
71
17
10
17
14
36
143
131
14
17
105
17
14
17
10
93
14
17
9
16
12
54
9
149
126
16
9
111
12
16
9
16
12
92
9
16
69
16
28
16
12
16
144
132
15
18
68
18
15
18
11
18
91
18
11
18
15
56
11
18
34
18
11
113
15
18
79
10
6
10
3
10
6
48
3
10
139
124
3
10
25
10
3
67
6
10
98
10
6
10
28
16
13
16
9
16
89
16
9
54
13
16
9
16
146
130
9
16
70
16
9
16
13
111
4
87
7
11
42
11
7
11
23
11
7
11
4
11
64
11
4
106
7
11
4
11
140
125
6
13
10
70
6
13
48
146
120
13
10
13
6
32
10
13
82
13
10
13
6
13
10
108
143
131
13
17
10
17
32
17
10
17
89
17
10
74
13
17
105
17
13
17
10
17
13
55
5
31
9
12
81
12
9
12
5
12
9
69
5
12
47
145
119
12
9
12
5
107
9
12
8
15
144
129
8
15
49
15
8
15
106
15
84
15
11
15
8
72
11
15
8
15
11
34
7
109
11
147
121
14
11
14
7
14
49
14
7
14
11
71
7
14
11
90
7
14
30
147
116
9
5
9
2
47
5
9
2
9
24
9
97
9
5
9
2
9
5
85
2
66
5
9
20
8
5
8
1
8
43
8
1
8
138
122
1
103
5
8
58
8
5
8
1
8
81
8
12
19
15
57
12
76
15
19
12
19
15
114
12
95
15
152
126
19
15
19
12
19
34
19
85
16
13
16
9
54
13
16
9
16
13
111
9
16
70
16
28
16
13
16
9
16
146
130
2
9
43
9
2
66
5
9
78
9
5
9
135
123
5
9
2
9
100
9
2
9
5
28
1
84
5
141
115
8
5
8
1
8
62
8
1
8
5
46
1
8
5
103
1
8
24
8
137
125
7
11
61
11
7
11
4
30
7
11
4
11
7
106
4
11
45
11
80
11
7
144
125
18
15
18
11
18
53
18
11
18
15
94
11
75
15
18
11
18
110
18
30
18
15
18
6
51
9
13
6
13
9
70
6
13
104
13
25
13
9
13
139
127
9
13
6
13
9
89
3
10
45
10
3
105
7
143
117
10
7
10
3
10
7
67
3
86
7
10
22
10
7
10
12
19
91
19
12
19
15
76
12
19
15
57
145
133
15
19
107
19
15
19
12
19
34
19
5
12
9
69
5
12
85
12
24
12
9
12
5
50
9
145
119
12
9
12
5
12
104
12
10
93
13
17
10
17
13
74
10
17
32
17
48
17
13
17
10
17
13
112
143
131
13
17
8
15
12
72
8
110
12
15
8
148
126
15
46
15
12
15
84
15
12
15
8
34
12
15
7
147
124
14
7
14
10
33
7
52
10
14
7
14
10
109
7
14
86
14
64
14
10
14
50
19
16
19
12
19
35
19
145
133
16
19
12
19
16
114
12
95
16
19
69
19
16
19
11
18
33
18
11
18
14
94
11
18
14
113
144
132
14
18
11
18
52
18
68
18
14
18
5
12
9
31
5
107
9
12
62
12
9
12
5
145
123
12
5
12
47
12
81
12
9
12
3
29
6
10
3
10
6
67
3
10
139
124
3
48
6
10
3
10
82
10
98
10
6
10
8
53
12
15
8
148
126
15
65
15
12
15
8
15
12
110
8
34
12
15
84
15
12
15
1
8
4
27
1
8
80
8
1
65
4
8
1
8
4
46
1
8
99
141
115
8
4
8
83
14
11
14
7
14
68
14
7
14
11
109
140
128
11
14
7
14
11
33
7
14
49
14
105
17
13
17
10
93
13
17
29
17
13
17
10
150
127
17
10
74
13
17
10
17
13
55
9
16
13
92
9
149
127
16
9
111
13
16
47
16
13
16
9
73
13
16
9
16
13
35
6
13
47
13
101
13
9
13
6
89
9
13
25
13
9
13
6
13
142
127
6
13
66
13
78
9
6
9
2
9
44
9
135
123
6
9
2
9
6
66
2
9
6
28
2
104
6
9
42
11
7
11
4
11
102
144
118
11
7
11
4
30
7
11
4
11
7
87
4
11
64
11
3
10
102
10
136
124
7
10
22
10
7
10
3
10
7
67
3
10
7
86
3
48
7
10
11
18
33
18
106
18
14
18
11
18
14
75
144
132
14
18
49
18
14
18
11
18
90
18
2
9
139
123
2
85
6
9
59
9
6
9
2
9
44
9
2
9
6
104
2
28
6
9
64
14
10
14
7
14
29
14
102
14
10
14
7
90
10
14
7
14
48
14
7
14
143
128
8
15
107
15
8
91
12
15
27
15
12
15
8
15
12
53
8
148
126
15
8
72
12
15
85
16
12
16
9
16
12
54
9
149
126
16
28
16
12
16
9
111
12
16
9
16
12
73
4
11
8
106
4
30
8
11
4
11
84
11
61
11
8
11
42
11
8
11
4
144
122
11
6
108
9
13
6
13
9
70
6
13
28
13
82
13
9
13
6
13
142
127
6
51
9
13
12
19
149
133
12
19
111
19
12
38
16
19
88
19
16
19
69
19
16
19
12
19
54
19
5
107
8
12
5
12
8
50
5
12
27
145
119
12
8
12
5
12
8
69
5
88
8
12
10
17
147
131
10
93
14
17
10
17
33
17
48
17
14
17
10
17
109
17
10
74
14
17
77
8
4
8
1
8
4
103
1
8
23
8
1
65
4
8
39
8
4
8
1
8
137
122
6
13
48
13
63
13
10
13
139
127
10
13
6
13
10
32
6
13
105
13
82
13
10
13
3
10
6
105
136
124
6
10
60
10
6
10
3
10
6
86
3
48
6
10
3
10
25
10
8
15
69
15
46
15
12
15
8
15
145
129
8
91
12
15
8
15
12
34
8
110
12
15
11
18
90
18
68
18
14
18
30
18
14
18
11
18
14
56
11
113
14
18
11
151
128
18
12
19
73
19
31
19
16
19
145
133
16
19
12
19
16
114
12
95
16
19
50
19
16
19
2
9
24
9
2
9
5
104
2
142
119
9
2
9
5
85
2
47
5
9
59
9
5
9
47
16
13
16
9
16
32
16
142
130
13
16
9
16
13
111
9
16
70
16
9
92
13
149
118
11
7
11
4
11
7
49
4
11
7
30
4
68
7
11
4
11
102
11
80
11
7
11
5
12
47
12
24
12
9
12
5
12
9
88
5
69
9
12
5
145
123
12
5
107
9
12
67
17
13
17
10
17
13
93
10
17
32
17
48
17
13
17
143
131
13
17
10
17
13
112
7
147
125
14
64
14
11
14
7
33
11
14
7
14
11
90
7
52
11
14
7
14
11
109
1
8
80
141
115
8
4
8
1
8
4
65
1
27
4
8
96
8
4
8
1
8
42
8
8
148
126
15
46
15
12
15
8
72
12
15
8
15
12
91
8
34
12
15
8
15
107
15
88
19
15
19
12
19
15
114
145
133
15
19
50
19
15
19
12
19
15
38
12
19
72
19
2
9
44
9
2
28
6
9
97
9
6
9
2
9
6
85
2
142
120
9
59
9
6
9
6
32
9
13
6
13
9
89
6
13
9
51
6
13
66
13
6
108
9
146
120
13
9
13
7
14
11
71
7
14
106
14
7
33
11
147
121
14
11
14
45
14
11
14
7
14
87
14
1
8
137
122
1
27
4
8
77
8
4
8
1
65
4
8
1
8
4
46
1
8
99
8
5
12
9
69
5
12
104
12
5
31
9
145
119
12
9
12
5
50
9
12
5
12
85
145
125
18
14
18
11
18
14
75
11
37
14
18
87
18
14
18
11
18
52
18
11
18
14
113
3
29
7
143
117
10
7
10
3
10
7
86
3
10
102
10
3
67
7
10
41
10
7
10
10
150
127
17
10
17
13
93
10
17
51
17
10
17
13
36
10
74
13
17
105
17
13
150
123
16
13
16
9
16
13
73
9
92
13
16
9
16
32
16
9
16
13
54
9
111
13
16
42
11
7
11
4
11
64
11
23
11
7
11
4
11
83
11
4
106
7
11
4
11
140
125
2
9
44
9
2
104
6
142
116
9
6
9
2
9
6
28
2
9
6
85
2
9
63
9
8
91
11
15
103
15
11
148
122
15
11
15
8
15
49
15
8
15
11
72
8
34
11
15
5
145
123
12
24
12
9
12
5
107
9
12
5
12
9
69
5
12
85
12
5
12
9
50
139
127
9
13
44
13
9
13
6
13
28
13
101
13
9
13
6
13
9
89
6
70
9
13
4
30
8
11
4
11
141
125
4
11
65
11
42
11
8
11
80
11
8
11
4
11
8
106
7
147
124
14
7
71
10
14
7
14
10
33
7
14
86
14
7
52
10
14
102
14
10
14
3
67
7
10
3
10
7
86
3
143
121
10
41
10
7
10
98
10
7
10
3
10
7
29
143
131
13
17
10
17
89
17
10
17
13
112
10
17
70
17
10
36
13
17
48
17
13
17
20
8
5
8
1
8
100
8
1
8
5
46
134
122
5
8
1
8
81
8
1
65
5
8
104
16
12
16
9
16
12
35
9
16
145
130
9
92
12
16
47
16
12
16
9
16
69
16
30
18
15
18
11
18
15
113
11
151
129
18
11
56
15
18
11
18
15
75
11
18
91
18
12
38
15
19
88
19
15
19
12
19
15
76
145
133
15
19
12
19
110
19
50
19
15
19
97
9
6
9
2
9
6
47
135
123
6
9
2
9
82
9
2
9
63
9
2
28
6
142
117
10
6
10
3
10
6
29
3
10
6
105
3
10
82
10
41
10
6
10
3
67
6
10
4
11
103
11
23
11
8
11
137
125
8
11
4
11
8
49
4
87
8
11
4
11
8
68
12
19
34
19
50
19
15
19
12
19
15
114
12
152
129
19
12
76
15
19
88
19
15
19
102
14
11
14
7
33
11
14
7
14
11
52
7
14
87
14
7
14
144
128
7
14
68
14
43
12
8
12
5
69
8
12
5
12
8
31
5
12
84
145
119
12
8
12
5
107
8
12
11
37
15
18
11
18
72
18
87
18
15
18
11
18
15
56
11
18
15
113
144
132
15
18
96
8
4
8
1
8
61
8
20
8
4
8
134
122
4
8
1
8
4
46
1
8
80
8
44
13
10
13
6
13
67
13
6
89
10
13
6
13
10
32
6
13
105
13
6
13
143
127
9
35
12
16
47
16
12
16
9
16
12
111
9
92
12
16
9
149
126
16
66
16
12
16
8
15
12
91
8
15
107
15
141
129
12
15
27
15
12
15
8
15
50
15
8
15
12
72
10
36
13
17
86
17
13
17
48
17
13
17
10
17
70
17
143
131
13
17
10
17
13
112
5
12
28
12
5
12
9
69
138
126
9
12
43
12
9
12
100
12
9
12
5
12
85
12
1
8
4
103
134
122
4
8
1
27
4
8
1
8
80
8
58
8
4
8
1
8
4
46
7
14
144
128
7
14
68
14
83
14
11
14
7
52
11
14
26
14
11
14
7
14
106
14
6
13
9
51
6
108
9
13
6
13
9
89
139
127
9
13
63
13
9
13
6
13
28
13
84
15
12
15
8
110
12
15
8
15
31
15
8
15
145
129
8
72
12
15
8
15
12
53
4
11
26
11
42
11
7
11
99
11
7
11
4
11
83
11
4
68
7
11
4
11
140
125
9
16
32
16
9
73
13
16
104
16
13
16
9
16
13
92
9
16
146
130
9
16
51
16
30
18
14
18
144
132
14
18
11
18
14
56
11
75
14
18
87
18
14
18
11
18
109
151
124
17
14
17
10
17
14
55
10
36
14
17
10
17
71
17
10
93
14
17
105
17
14
17
2
9
5
66
2
142
119
9
2
9
43
9
2
104
5
9
21
9
5
9
2
9
5
85
3
10
64
10
98
10
7
10
136
124
7
10
3
10
7
48
3
10
7
86
3
29
7
10
69
19
15
19
12
19
53
19
12
152
129
19
12
95
15
19
31
19
15
19
12
19
15
114
